solver=adam
activation=relu
layers=(64, 64, 64, 64, 64, 64, 64, 64)
last_loss=1.5180778565301676
last_iteration=168
training_score=0.4101976976976977
test_score=0.3938188188188188
time_elapsed=3001.029153108597
