solver=adam
activation=logistic
layers=(64, 64, 64, 64, 64, 64, 64, 64)
last_loss=2.3026910411811525
last_iteration=17
training_score=0.1
test_score=0.1
time_elapsed=166.22129607200623
