solver=adam
activation=logistic
layers=(32, 32, 32, 64, 64, 32, 32, 32)
last_loss=2.3027074304211466
last_iteration=20
training_score=0.1
test_score=0.1
time_elapsed=85.612544298172
