solver=sgd
activation=logistic
layers=(32, 32, 32, 32)
last_loss=2.3027228556800403
last_iteration=13
training_score=0.1
test_score=0.1
time_elapsed=18.080002546310425
